# id	left	top	right	bottom	texture_id
[SPRITES]

# brick
20000	372	153	387	168	20

# striped brick
20016	1504	336	1519	351	40

# glassbrick 
20001	300	135	315	150	20
20002	318	135	333	150	20
20003	336	135	351	150	20
20004	354	135	369	150	20
20005	372	135	387	150	20

# mysteryblock
20006	300	117	315	132	20
20007	318	117	333	132	20
20008	336	117	351	132	20
20009	354	117	369	132	20

# mysteryblock activated
20010	205	7	220	22	30
20011	22	75	37	92	90
20012	22	75	37	94	90
20013	22	75	37	96	90
20014	22	75	37	98	90
20015	22	75	37	100	90

# bluex brick
20017	1967	433	1982	448	40

# ani_id	sprite1_id	time1	sprite2_id	time2	...
[ANIMATIONS]

# brick
10000	20000	1000

# glassbrick
10001	20001	200	20002	200	20003	200	20004	200	20005	200

# mysteryblock
10002	20006	300	20007	300	20008	300	20009	300

# mysteryblock activated
10003	20010	10

# striped brick
10004	20016	1000

# bluex brick
10005	20017	1000

### sprites id doesnt matter, animations id does ###