# id	left	top	right	bottom	texture_id
[SPRITES]

############# GOOMBA #############
#WALK
31001	5	14	20	29	10
31002	25	14	40	29	10

#DIE
31003	45	20	60	29	10

############# PARAGOOMBA #############
#WALK BIG
31011	64	10	83	29	10
31012	87	10	106	29	10

#WALK SMALL
31014	5	10	20	29	10
31015	25	10	40	29	10

#DIE
31013	45	20	60	29	10

############# PIRANHA #############
#TOP-LEFT
32001	7	71	22	102	60
32002	204	72	219	103	60
#TOP-RIGHT
32003	301	71	316	102	70
32004	104	72	119	103	70
#BOTTOM-LEFT
32005	7	33	22	64	60
32006	204	34	219	65	60
#BOTTOM-RIGHT
32007	301	33	316	64	70
32008	104	34	119	65	70


############# KOOPA #############
#WALK LEFT
33001	6	128	21	155	10
33002	28	128	43	155	10

#WALK RIGHT
33003	458	128	473	155	50
33004	436	128	451	155	50

#SHELL DOWNWARD
33005	29	97	44	112	80
33006	50	96	65	111	80
33007	71	96	86	111	80

#SHELL UPWARD

#DIE

#WING-LEFT
33008	93	128	108	155	10
33009	114	128	129	155	10
33010	135	128	150	155	10
33011	157	128	172	155	10

#WING-RIGHT
33012	371	128	386	155	50
33013	350	128	365	155	50
33014	329	128	344	155	50
33015	307	128	322	155	50



# ani_id	sprite1_id	time1	sprite2_id	time2	...
[ANIMATIONS]

############# GOOMBA #############
5000	31001	100	31002	100
5001	31003	100

############# PARAGOOMBA #############
5030	31011	100	31012	100
5031	31013	100
5032	31014	100	31015	100

############# PIRANHA #############
#look top-left
5010	32001	300	32002	300
#look top-right
5011	32003	300	32004	300
#look bottom-left
5012	32005	300	32006	300
#look bottom-right
5013	32007	300	32008	300
#dead
5014	32007	300	32008	300

############# KOOPA #############
#walking animations
5020	33001	100	33002	100
5021	33003	100	33004	100

#shell animations
5022	33005	100
5023	33005	50	33006	50	33007	50

#wing animations
5024	33008	100	33009	100	33010	100	33011	100
5025	33012	100	33013	100	33014	100	33015	100